-- Линейная аппроксимация
phi: 0.204x - 0.112x
sko: 0.0832
det_kf: 0.707
phi: [-0.5214090909090909, -0.4805090909090909, -0.4396090909090909, -0.39870909090909085, -0.35780909090909085, -0.3169090909090909, -0.27600909090909087, -0.23510909090909088, -0.1942090909090909, -0.1533090909090909, -0.1124090909090909]
eps: [-0.15140909090909094, -0.0615090909090909, 0.016390909090909123, 0.07329090909090913, 0.10119090909090916, 0.10009090909090906, 0.07499090909090911, 0.03489090909090914, -0.013209090909090893, -0.0623090909090909, -0.1124090909090909]
pirson_kf: 0.841

-- Квадратичная аппроксимация
phi: 0.231x^2 + 0.667x + 0.0264
sko: 0.0156
det_kf: 0.99
phi: [-0.38261538461538597, -0.4249916083916088, -0.4488620046620045, -0.45422657342657274, -0.44108531468531365, -0.40943822843822736, -0.3592853146853138, -0.2906265734265728, -0.20346200466200462, -0.09779160839160904, 0.026384615384613824]
eps: [-0.012615384615385972, -0.005991608391608838, 0.0071379953379955285, 0.01777342657342723, 0.017914685314686374, 0.007561771561772623, -0.008285314685313794, -0.02062657342657276, -0.022462004662004625, -0.006791608391609041, 0.026384615384613824]

-- Кубическая аппроксимация
phi: -0.0747x^3 + 0.00726x^2 + 0.496x + 0.00487
sko: 0.00657
det_kf: 0.998
phi: [-0.3611048951048938, -0.4292937062937067, -0.46463636363636485, -0.47071794871794986, -0.4511235431235436, -0.409438228438228, -0.34924708624708506, -0.27413519813519654, -0.18768764568764434, -0.09348951048951044, 0.004874125874123351]
eps: [0.008895104895106198, -0.01029370629370674, -0.00863636363636483, 0.0012820512820501118, 0.007876456876456439, 0.007561771561771957, 0.0017529137529149197, -0.004135198135196527, -0.00668764568764435, -0.0024895104895104464, 0.004874125874123351]

